10110000000001100000000000000000
00010001000010000100000000000000
00111000110010000000000000000010
00010001100011000110000000000000
00001001100011000000000000000010
11100001100010000000000000000101
00110000110011000111000000000000
11001000001111100000000000000110
00001001100011000000000000000001
11000000001111111111111111111100
00010010100101001010000000000000
00001010100101000000000000000001
11101000000000000000000000000000
00010010100101001010000000000000
00011010100101000000000000000001
11101000000000000000000000000000